>Variable	S1	S2	S3	S4	S5	S6	S7	S8	S9	S10
YBR166C	0.33	-0.17	0.04	-0.07	-0.09	-0.12	-0.03	-0.2	-0.06	-0.06
YOR357C	-0.64	-0.38	-0.32	-0.29	-0.22	-0.01	-0.32	-0.27	-0.51	-0.67
YLR292C	-0.23	0.19	-0.36	0.14	-0.4	0.16	-0.09	-0.12	-0.14	-0.14
YGL112C	-0.69	-0.89	-0.74	-0.56	-0.64	-0.18	-0.42	-0.34	-0.062365009	0.01
YIL118W	0.04	0.01	-0.81	-0.160239427	-0.3	0.49	0.08	0.19	-0.03	-0.32
YDL120W	0.11	0.32	0.03	0.32	0.03	-0.12	0.01	-0.36	-0.01	-0.17
YHL025W	-0.47	1	-0.51	-0.25	-0.71	-0.22	-0.3	-0.36	-0.1	0.08
YGL248W	-0.25	0.26	0.01	-0.06	-0.42	-0.07	-0.3	-0.18	-0.1	-0.27
YIL146C	-0.58	-0.29	-0.45	-0.15	-0.86	-0.36	-0.54	-0.47	-0.29	0.08
YJR106W	-0.36	-0.17	-0.22	-0.34	-0.36	0.03	-0.2	-0.42	-0.15	0.06
YNL272C	0.31	0.12	0.34	0.61	0.18	0.28	0.14	-0.094206251	-0.07	-0.01
YBR123C	-0.17	-0.32	-0.34	-0.42	-0.25	-0.3	0.19	0.26	0.1	-0.23
YCR040W	-0.29	0.31	-0.2	-0.04	-0.38	0.11	-0.2	-0.4	-0.12	0.42
YHR047C	-0.29	-0.07	-0.34	-0.34	-0.36	-0.43	-0.4	-0.25	-0.06	-0.23
YMR055C	-0.34	0.88	-0.42	-0.97	-0.15	-0.29	0.23	-0.3	-0.3	-0.22
YDR457W	0.01	-0.69	-0.09	-0.09	0.25	0.21	-0.18	-0.4	-0.07	-0.09
YKL201C	-0.29	-0.01	0.33	-0.066637298	0.24	0.48	0.21	-0.03	-0.1	-0.14
YDR311W	0.14	-0.23	-0.04	-0.07	0.28	-0.23	-0.32	-0.27	0.21	-0.14
YGR274C	0.06	-0.16076306	0.26	0.1	0.12	0.06	-0.03	0.19	0.23	-0.03
YHR178W	-0.54	0.36	-0.22	-0.42	0.08	-0.12	0.15	-0.17	0.2	-0.27
YKR093W	-0.38	-0.64	-0.64	-0.092442455	-0.69	-1.03	-0.64	-1.25	-0.84	-0.71
YPR113W	-0.27	-0.23	-0.62	-0.54	-0.64	-0.45	0.16	-0.17	0.03	-0.42
YPR149W	-2.84	-1.47	-0.94	-1.79	-1.47	-1.74	-0.2	-0.34	0.58	-0.01
YJL210W	-0.43	-0.42	-0.69	-0.4	-0.62	-0.3	-0.38	-0.74	-0.27	0.1
YDL006W	-0.32	0.33	-0.22	0.03	-0.34	0.26	-0.04	0.07	-0.23	0.26
YLR188W	-0.45	-0.34	-0.25	0.15	0.18	0.2	0.03	-0.36	0.04	0.31
YDL226C	-0.43	-0.12	-0.12	0.19	0.01	0.23	-0.4	0.08	0.16	0.15
YHR026W	-0.07	-0.34	-0.18	-0.03	-0.1	0.08	-0.032377781	0.01	0.08	-0.3
YJL121C	0.16	-0.04	0.01	0.12	0.08	0.26	0.19	0.29	0.24	-0.17
YML051W	-0.167644293	-0.17	-0.22	0.06	-0.1	-0.092435486	0.08	-0.14	-0.1	-0.36
YDR405W	0.07	0.1	-0.04	-0.04	-0.25	-0.12	-0.03	0.04	0.39	-0.22
YBL050W	0.03	-0.1	0.04	-0.3	-0.2	-0.51	-0.07	-0.04	-0.04	0.03
YAL026C	0.01	-0.01	-0.2	-0.45	0.01	-0.6	-0.028401703	0.31	-0.1	0.34
YDL245C	-0.01	0.2	-0.03	0.14	-0.035144624	-0.09	-0.14	0.18	0.59	-0.17
YEL013W	-0.01	0.06	-0.084956676	-0.04	-0.2	-0.23	-0.039878719	-0.09	-0.23	0.08
YKL157W	0.25	0.04	0.33	0.33	0.07	0.12	-0.1	-0.12	0.12	-0.25
YGR256W	0.06	-0.23	0.4	0.3	0.32	0.24	0.21	0.21	-0.03	-0.27
YOR031W	0.15	-0.01	-0.2	-0.03	-0.18	-0.04	-0.12	-0.22	-0.109566134	-0.32
YMR152W	0.04	0.37	0.14	0.16	-0.4	-0.25	-0.1	-0.56	-0.17	-0.25
YBR037C	-0.34	-0.45	-0.09	-0.34	-0.03	-0.29	0.1	-0.04	-0.06	-0.133601831
YDR204W	-0.06	0.2	0.04	-0.22	-0.3	-0.54	-0.17	-0.67	-0.34	0.08
YKR066C	-0.18	-0.29	0.21	-0.17	0.03	-0.45	0.07	-0.38	-0.23	-0.07
YDR148C	-0.17	0.24	0.12	0.37	-0.09	-0.04	-0.49	-0.22	-0.10442918	0.06
YBR282W	-0.25	0.3	0.12	0.32	-0.22	0.28	-0.14	0.23	0.49	-0.04
YIL111W	-0.01	0.32	0.56	0.41	0.33	0.2	0.14	-0.34	-0.38	-0.42
YLR093C	-0.03	-0.01	-0.2	-0.18	-0.22	-0.18	-0.32	-0.42	-0.15	-0.58
YKL142W	0.1	0.56	0.39	-0.58	-0.29	-0.34	-0.2	-0.42	-0.29	-0.27
YOR089C	0.11	-0.2	-0.01	-0.09	-0.27	0.34	0.06	-0.03	-0.1	-0.22
YNR007C	0.03	0.12	0.23	-0.29	0.12	0.26	0.12	-0.04	0.24	-0.42
YMR272C	-0.01	-0.14	0.16	0.01	0.15	-0.22	-0.07	-0.45	-0.62	-0.69
YGR193C	-0.14	-0.38	0.08	-0.29	0.07	-0.09	0.29	-0.2	0.07	0.11
YNL039W	-0.69	-0.29	-0.2	-0.04	-0.36	0.21	0.65	-0.094549324	-0.51	0.08
YER042W	-0.29	1.1	-0.2	-0.06	-0.42	0.44	0.32	0.7	0.42	0.06
YER112W	-0.14	0.25	-0.151332737	0.2	-0.01	0.23	-0.23	0.19	0.19	-0.18
YGL154C	-0.2	-0.17	-0.15	0.04	-0.25	0.14	-0.32	0.04	-0.09	0.04
YKL208W	-0.32	-1.18	-0.67	-0.4	-0.49	0.07	-0.25	-0.49	-0.17	-0.15
YER068W	-0.45	0.07	-0.03	0.26	-0.32	0.54	-0.36	0.01	-0.122001079	0.37
YCR067C	-0.18	-0.62	0.11	-0.25	0.12	0.21	-0.03	0.16	-0.09	0.2
YER168C	0.1	-0.25	0.01	-0.09	0.03	0.01	-0.17	0.18	0.41	-0.03
YDR508C	-0.69	0.03	0.54	0.46	0.26	0.24	-0.03	-0.120843849	0.2	0.31
YIL048W	-0.09	-0.36	-0.2	-0.15	-0.17	-0.07	-0.04	0.19	0.25	-0.14
YOL135C	-0.23	-0.49	-0.34	-0.43	-0.22	-0.36	-0.06	-0.22	-0.32	-0.6
YOR290C	0.5	-0.191233795	-0.42	-0.100708786	-0.49	0.49	-0.01	-0.3	-0.18	-0.17
YPR104C	-1.06	-1.06	-1.06	-0.29	-0.42	0.01	-0.071015269	-0.07	-0.34	-0.56
YBL014C	-0.23	-0.92	-0.56	-0.67	-0.47	-0.22	0.07	0.31	-0.27	-0.17
YDR440W	-0.38	-0.18	-0.14	0.26	0.15	0.03	-0.14	-0.03	-0.38	-0.2
YER114C	-0.58	-0.23	-0.84	-0.27	-0.09	0.11	-0.17	0.08	0.37	-0.12
YDR227W	-0.22	-0.262074639	-0.45	-0.15	-0.18	-0.3	-0.04	-0.25	-0.36	-0.23
YAL043C	-0.2	-0.17	-0.15	-0.34	-0.29	-0.36	0.07	-0.25	0.04	-0.1
YER164W	-0.18	-0.12	-0.22	0.03	-0.09	0.16	-0.03	0.15	0.29	-0.29
YGR270W	-0.266236925	-0.1	0.25	0.03	0.08	-0.25	0.04	-0.15	-0.07	-0.2
YLR430W	-0.38	-0.36	-0.56	-0.43	-0.29	-0.29	-0.12	-0.4	-0.09	0.28
YBR275C	0.21	0.12	0.32	0.82	-0.04	-0.27	-0.057334134	-0.06	-0.1	0.08
YPR122W	-0.06	0.14	0.37	0.6	0.01	-0.2	0.06	0.04	0.14	0.01
YDR207C	0.19	0.58	0.48	0.53	0.19	-0.23	-0.04	0.44	0.15	-0.09
YER105C	-0.43	-0.74	-0.32	-0.34	-0.1	0.18	-0.22	-0.17	-0.07	-0.29
YGL212W	-0.29	-0.64	-0.43	-0.23	-0.2	-0.18	0.06	-0.12	-0.27	-0.06
YDR160W	-0.09	-0.1	-0.15	-0.03	0.07	-0.3	-0.06	-0.23	-0.07	0.03
YDR082W	-0.1	-0.34	-0.47	-0.2	-0.17	-0.03	0.03	-0.01	-0.07	-0.14
YOR032C	-0.36	-0.25	-0.69	-0.49	-0.29	-0.3	-0.27	-0.07	-0.23	-0.34
YOL025W	-0.15	0.11	-0.22	-0.54	-0.64	-0.1	-0.4	-0.14	-0.38	0.1
YDR106W	-0.09	-0.03	-0.18	-0.17	-0.07	-0.14	0.04	-0.03	-0.12	-0.14
YNR058W	-0.23	-0.27	-0.06	-0.38	-0.3	-0.23	-0.059816579	-0.23	-0.07	-0.12
YPR106W	-1.12	-0.79	-1.32	-1.06	-0.56	-0.09	-0.47	-0.84	-1.12	-1.43
YDR362C	-0.36	-0.79	-0.29	-0.42	-0.22	-0.69	-0.34	-0.42	-0.23	-0.15
YOR237W	-0.14	-0.69	-0.18	0.01	0.24	0.5	0.3	-0.10335353	-0.23	-0.3
YKR101W	-1.09	-0.216558288	-0.56	-0.25	-0.47	-0.49	-0.49	-0.74	-0.47	-0.06
YBL021C	-0.64	-0.58	-0.36	-0.89	-0.79	-0.01	-0.15	0.15	-0.34	0.04
YOR025W	-1.56	1.32	-1.03	-1.06	-0.67	-0.34	0.45	0.41	0.68	-0.06
YNL270C	0.04	-0.04	0.18	-0.109627517	-0.098803819	-0.2	-0.085021645	0.1	-0.160428007	-0.29
YOR278W	-0.27	-0.43	-0.12	-0.25	-0.18	-0.27	-0.09	-0.36	-0.25	-0.4
YBR257W	-0.17	-0.58	-0.94	-1.15	-0.67	-0.84	-0.47	-0.62	-0.3	-0.01
YOL103W	-0.29	-0.54	0.08	0.01	0.44	0.34	-0.09	0.21	0.38	-0.25
YNL216W	-0.84	-0.58	-0.67	-0.56	0.11	-0.17	0.15	-0.17	-0.22	-0.23
YER129W	-0.1	-0.34	-0.34	0.25	-0.45	-0.2	0.03	-0.2	-0.1	-0.171382631
YOL067C	0.07	-0.4	0.25	-0.17	-0.22	0.06	0.21	0.07	0.07	-0.162642609
YPL128C	-0.86	-0.94	-0.89	-0.62	-0.23	-0.47	0.2	-0.32	-0.3	-0.34
YOR188W	-0.2	-0.49	-0.54	-0.38	0.04	-0.25	0.28	0.1	-0.23	-0.4
YOR034C	-0.17	-0.29	-0.04	-0.1	0.18	0.11	0.14	-0.14	-0.03	0.08
YAL067C	-0.01	1.6	0.2	-0.38	-0.07	0.11	0.67	0.25	0.36	-0.15
